245
252
335
372
503
724
799
883
1204
1485
1507
1741
2150
2337
2429
2433
2520
2663
2737
2817
2835
2893
2939
3004
3123
3216
3658
3672
3713
3731
3766
3791
3822
3868
4308
4338
4503
4535
4688
4852
4965
4986
5071
5176
5241
5324
5351
5355
5418
5456
5472
5534
5794
5804
5820
5911
6017
6345
6402
6429
6442
6451
6590
6655
6699
6987
7009
7377
7487
7564
7584
7599
7703
7899
7920
7964
7968
8087
8122
8182
8456
8470
8828
8921
9006
9090
9110
9171
9250
9290
9444
9458
9494
9499
9513
9596
9695
9882
9986
10029
10037
10129
10270
10365
10532
10536
10609
10636
10712
10859
10893
10945
10961
11039
11184
11194
11231
11256
11297
11399
11457
11544
11607
11724
11777
12227
12272
12378
12424
12431
12493
12499
